1
0000000000000110000000000110000011000000000000000100100000000000000000000000000000000000000000100100
0000000000101101000000011010000001000000000011000000000000000000000000000000000000000000000000011000
0000000000110111000000011100001000010011110111000000000000000000000000000000000000000000000000000000
0000000000000011000000000001110111010010000001000010100000000000000000000000000000000000000000000000
0000000000000000000000000000000000110000000010000010000000000000000000000000000000000000000000000000
0100110000011000000110000000000000000001000010000101000000000000000000000000000000000000000000000000
1000000000110000001000000000000000000000011000000111000000000000000000000000000000000000000000000000
0100010000000000000101000000000000000000000000000000000000000000000000000000000000000000000000000100
0000000000000000000010000000000000010000000000000000111000000000000000000000000000000000000000000110
0000000000000000000000000000000000101000000000000000111000000000000000000000000000000000000000000000
0110000000000000000000000100000000101000000100000000110000000000000001100000000000000000000000000011
1100000000000000000000001010000000010000000100000000000000000000000011100000000000000000000011000010
0011000000000000000000000110000000000000000100000000000000000000000011000100000000000000000110110010
1111000000000000000000000000000000000000000000000000000000001110000011000000000000000000000110010010
1001000000000000000000000000000000000000000000000000000000001000000000000100000000000000000100010000
0110000000000000000000000000000000000000000000000000000000000000000000000000000000000000000101100000
0110000010100000000000000000110000000000000000000000000000000000000000000000000000000000000010000000
0100000001100000000000000000000000000000000000000000000000000000100000000000000000000100000000000000
1110000001000110000000000000000000000000000000000010000000000011011000000000000000000010000000000000
1100000000000110000000000000000000000000000000000101000000000011000011000000000001000100000000110001
1101000000000000000000000000000100000100000000011010000000000011001011000000000000000000000011111000
0110000000000000000000000000000010001010000000100000000000000001000000100000000000000000000100001000
0010000000000000000000000000000011000000000000000000000000000000100001000000000000000000000100111000
0000000000000100000000000000001000001010110001000100000000000000000000000000000000000000000110010000
0000000000001010000000000000000110000010010000000010000000000011111011000000000011000000000001100000
0000000000000110000000000000000100000000100001001010000000000001000111000000000101100000000000000000
0000000000000000000000000000000000000000000001000000000000000101000010100000110000100000100000000000
1010000000000000000000000000000000000000000000111101000000000010000011000000000010000001010000000001
1000100000000001110010000000000000000000000000011000100000000000000000000000000000000001010000001100
1110100000000000000010000000000000000000000000000000000000000000000000000000000000000000100000000000
0000000000000100000010000000000000000000000000000010100000000000000000000000000000000000000000010001
0000000000000100000000000000000000000000000000000101000000000000000000100000000000000000000000000000
0000000000000100111000111000000000000000000110000011000000000000000001110000000000000000000000000100
0000011000000000000000000000000000000000001001000000000000000000000010010000000000000000000000000000
0000000000000000000010000000000000100011111001000000000000000000000001100000000000000000000000010000
0011110000000000000010000000000010100011100010000000000000000000000000000000000000000000000000111000
0110110000000000000010000000000000011100010110000000000000000000000000000000000000000000000000001100
1000110000000000000000000000000000010000100000000000000000001000000000000000000000000000000000000100
1000000000000000000000000000000011000000100000000000000000111000011000000000000000000000000000000011
0011000000000000000000000000000000111100000000000000011000000110101001000000000000100000000000010010
0000000000000000000001000000000000000000000000000000111010000000000000110000000001010000000000000010
1000000000000000000010100011000000000000000000000000000010000111001000110000000010010000000000000010
0000000000000000000100100011000101000000000000000000000010100000001000000000000010010000000000111001
0000000000000000000110000000001101100000000000000000000000000001110000000000000001100000000001000100
0000000000000000000011000000000101000000000000000000000000000000000000000011000000000000000001000100
0000000000000000000000000000000000000000000000000000000110000000000000000011000000000000000001000100
0000000000000000000000000000010000000000000000000000001010000000000000000010101100000000000000111000
0000000000000000000000010000010000001000000000000000001001000000000000000110101100000001100000000000
1000000000000000000000001000000000010100100000000000001001000000000110000010100000000000000000000000
1000000000000000000010011000000000011001010000000000000001000000000110000001000000000000000011000000
1000000000001000000000001000000000000000010000000000001010000000000000000000101000000000000011100000
0000000000100100000000000000000000000000100000000000000100000000000000000000001000000000000100000000
0000000000111010000000001110000000000000000000000000000000000000000001100000000000000000001101000000
0000000000011001000000011011000000000000000000000000000000000000000001101100000000000000001110000000
0000000000000001000000001010000000000000000000000011100000000000000010000000000000000000000100000000
0110000000000110000000000100000000000000000000000011001000000000000001100100000000000000000000011000
0011000000000110000000000000000000000000000000000000000010000000000001111000000000000000000000000000
0111000000010100000000000000000000000000000000000010000001000000000000000000000000000000000000000000
1110000000001000000000000000000000000000000000000000000001000000000000000111100000000000000000011000
1100000000000000000000000000000000000000000000000001101011000000000101000111100011000000000000010100
0000110000000000000000000000000000000000000000011000100010000000000010001010000011000000000000010010
0000000000000000000001100000000000000000000000010110010100000000000000001100000000000000000000000000
0000000000000000000001100000000000000000000000000110001000000000000000000110000000000000000000000110
0000000000000000000001100000000000000000000000010110000000000111000000001110000000001000000000000000
0000000000000000000000000000000000011000000000011000000000001001000000001110000000110110000000000000
0000000000000000000000110000000000011000000000000000000000001000100000001100000000000000000000000010
1000000000000000000000000000000000000000000000000000000000001001000000001001000001010000000000001100
0110000000000000111000000000000000000000000000000000000000000101000000001000100001000100000000001110
0000000000000000100100001000000000000000000000000000000000000000000000000100100001100100000000001110
0000000000000000000001011000000000000000000000000100000000000000000000000010100000111000000000001110
0000000000000000010000000000100000000000000000110010000000000000000000000000000000010000000000010111
0000000000000000000000000000100000000000000001000000000000000000000011000000000000000000000011100010
0000000000000000000010000111000000000000000010000110000000000000000000000011000011000000000000001100
0000000000000000110001000000000000000000000010000000000000000000000000000011000011000000100000011000
0000000000000001001001010000000000000000000011011000000000000000000000000000000000000000011010000000
0001000000000110001001010000000000000000000011101000001100000000000000000000000000001000111001100000
0111100000000110000000000000000000000000001000001110000000000000000000000000000000001011100011110000
1011110000000100101100100001000000000000010100011111001001000000100000000000000000001011100010000000
0001100000000010000000100110000000000000010100010000100000100001010000000000000000000000010000000010
0011000000000111000110000011000000000000010000001111000010100000100000000000000000000001001000001000
0000000000000001000100000000001100000000010000000110000001000000000000000000000000000001001000001000
0010000000000000000100010000011010111000010010000000000000000000000000000000100000000000110100011010
0100000000000000000001100000011111000000010010000000100000000000000000000001010000000000001110110000
1000000000000000011100100000011010000000010010000000100000000010000000000001100000000000000000000110
1000000000000000011100011100000010000000001100001110100000000011000000000000000000000000100000001100
1000000000000000001000000000100100000000000000000000000010000101000000000000000000000001001000000100
1000000000000000000000000000111000000000000000011001000011000000000000000000000000000000111000000100
0000000000000001100000000000000000100000000000000011100011100000000000000000000000000000111000010011
0000000000100001100000000110000001000000000000000000100011000000000000000000000000000000000000010000
0000000001001000000000000000000000100000000000000000010000000000000000000000000000000000000000010000
0000000010001100000000010010000000000000000000011001011000000000000000010000000000000000000000000000
0000000010000110000000110000000000000000000000101001001000000000000000011001100001000011000000000000
0000000011000001000001100010000000100111000000111000010000000000000000000011100001000011000000000000
0000000000001101000100000010000000110000010000000010110000000000000000001000000101110000000000000000
0000000000001001000100000010000000100110100000000011000000000000000000001001101101010000000000100000
0000000000000101000100000000110000000001000100000000000000000000000000000110111101010000000000100000
0000000000001001000001111000110000000000000110000000000000000000000000000000001000100000000001010000
0000000000000110000000000000000000000000110100000000000000000000000000000000000000000000000001110011
0000000000000110000000000000110000000000001000000000000000000000000000000000000000000000000001001101
0000000000000010000000000001111100000000000000000010100000000000000000000000000000000000000000111100